a46 = 0.23 / (1 - 1.23/2.08)